-1.473426, -48.458643
-1.47351521, -48.45863182
-1.47360442, -48.45862063
-1.47369363, -48.45860945
-1.47378283, -48.45859820
-1.47387198, -48.45858659
-1.47396114, -48.45857498
-1.47405029, -48.45856338
-1.47413945, -48.45855177
-1.47422860, -48.45854016
-1.47431776, -48.45852855
-1.47440691, -48.45851694
-1.47449607, -48.45850534
-1.47458508, -48.45849269
-1.47467406, -48.45847979
-1.47476303, -48.45846689
-1.47485201, -48.45845399
-1.47494099, -48.45844108
-1.47502996, -48.45842818
-1.47511889, -48.45841496
-1.47520781, -48.45840168
-1.47529673, -48.45838839
-1.47538566, -48.45837511
-1.47547458, -48.45836183
-1.47556350, -48.45834854
-1.47565282, -48.45833955
-1.47574266, -48.45833621
-1.47583226, -48.45834073
-1.47592172, -48.45834967
-1.47600915, -48.45837007
-1.47609623, -48.45839246
-1.47617477, -48.45843105
-1.47624816, -48.45847433
-1.47633442, -48.45845549
-1.47641692, -48.45841974
-1.47649942, -48.45838400
-1.47658192, -48.45834826
-1.47666442, -48.45831251
-1.47674733, -48.45827774
-1.47683044, -48.45824342
-1.47691354, -48.45820910
-1.47699665, -48.45817479
-1.47707975, -48.45814047
-1.47716300, -48.45810651
-1.47724628, -48.45807262
-1.47732956, -48.45803873
-1.47741276, -48.45800466
-1.47749363, -48.45796536
-1.47757450, -48.45792607
-1.47764451, -48.45787028
-1.47771254, -48.45781147
-1.47777884, -48.45775077
-1.47783871, -48.45768513
-1.47787291, -48.45760195
-1.47789150, -48.45751467
-1.47790259, -48.45742542
-1.47790116, -48.45733574
-1.47789624, -48.45724594
-1.47788449, -48.45715700
-1.47786701, -48.45706878
-1.47784901, -48.45698068
-1.47782547, -48.45689388
-1.47780193, -48.45680708
-1.47777648, -48.45672089
-1.47774499, -48.45663666
-1.47771350, -48.45655242
-1.47766900, -48.45647487
-1.47761887, -48.45640021
-1.47756633, -48.45632724
-1.47751327, -48.45625463
-1.47746021, -48.45618203
-1.47740486, -48.45611135
-1.47734235, -48.45604671
-1.47727983, -48.45598208
-1.47721731, -48.45591744
-1.47715585, -48.45585182
-1.47709560, -48.45578507
-1.47703534, -48.45571832
-1.47698131, -48.45564664
-1.47692999, -48.45557279
-1.47688001, -48.45549807
-1.47683318, -48.45542130
-1.47678672, -48.45534430
-1.47674153, -48.45526655
-1.47669898, -48.45518744
-1.47666188, -48.45510551
-1.47662479, -48.45502359
-1.47658537, -48.45494277
-1.47654560, -48.45486211
-1.47650331, -48.45478299
-1.47644961, -48.45471086
-1.47639590, -48.45463873
-1.47634219, -48.45456660
-1.47629063, -48.45449293
-1.47623912, -48.45441922
-1.47618414, -48.45434815
-1.47612675, -48.45427892
-1.47607517, -48.45420577
-1.47603251, -48.45412660
-1.47598985, -48.45404744
-1.47593725, -48.45397454
-1.47588420, -48.45390193
-1.47583115, -48.45382932
-1.47577231, -48.45378269
-1.47569345, -48.45382590
-1.47561460, -48.45386910
-1.47553574, -48.45391230
-1.47545689, -48.45395550
-1.47537842, -48.45399939
-1.47530041, -48.45404411
-1.47522149, -48.45408711
-1.47514091, -48.45412699
-1.47506032, -48.45416687
-1.47497974, -48.45420675
-1.47489799, -48.45424414
-1.47481578, -48.45428055
-1.47473350, -48.45431679
-1.47464996, -48.45435004
-1.47456643, -48.45438330
-1.47448289, -48.45441655
-1.47439865, -48.45444786
-1.47431314, -48.45447564
-1.47422763, -48.45450342
-1.47414212, -48.45453120
-1.47405632, -48.45455801
-1.47396948, -48.45458128
-1.47388264, -48.45460455
-1.47379505, -48.45461584
-1.47370927, -48.45459156
-1.47363060, -48.45454981
-1.47356186, -48.45449185
-1.47350009, -48.45442650
-1.47344846, -48.45435302
-1.47341362, -48.45427053
-1.47339078, -48.45418411
-1.47337880, -48.45409497
-1.47336828, -48.45400571
-1.47336431, -48.45391586
-1.47336035, -48.45382601
-1.47335638, -48.45373616
-1.47335242, -48.45364631
-1.47334845, -48.45355646
-1.47334448, -48.45346661
-1.47334300, -48.45337671
-1.47334300, -48.45328677
-1.47334300, -48.45319683
-1.47334300, -48.45310690
-1.47334300, -48.45301696
-1.47334230, -48.45292705
-1.47333597, -48.45283734
-1.47332394, -48.45274852
-1.47330228, -48.45266124
-1.47328062, -48.45257395
-1.47325690, -48.45248727
-1.47322785, -48.45240216
-1.47319879, -48.45231705
-1.47316974, -48.45223193
-1.47314069, -48.45214682
-1.47311138, -48.45206180
-1.47308167, -48.45197692
-1.47305196, -48.45189203
-1.47301865, -48.45180869
-1.47297795, -48.45172849
-1.47293725, -48.45164830
-1.47289650, -48.45156813
-1.47285135, -48.45149036
-1.47280620, -48.45141258
-1.47275828, -48.45133651
-1.47270955, -48.45126093
-1.47265703, -48.45118821
-1.47259758, -48.45112075
-1.47253812, -48.45105329
-1.47247144, -48.45099329
-1.47240208, -48.45093607
-1.47233271, -48.45087886
-1.47226334, -48.45082164
-1.47219373, -48.45076472
-1.47212412, -48.45070780
-1.47205451, -48.45065088
-1.47198491, -48.45059396
-1.47191530, -48.45053704
-1.47184849, -48.45047711
-1.47178692, -48.45041158
-1.47172535, -48.45034604
-1.47167882, -48.45027067
-1.47164369, -48.45018790
-1.47161946, -48.45010129
-1.47159523, -48.45001468
-1.47158609, -48.44992557
-1.47158110, -48.44983577
-1.47158842, -48.44974637
-1.47159922, -48.44965709
-1.47161566, -48.44956898
-1.47164162, -48.44948288
-1.47170638, -48.44942226
-1.47177504, -48.44936420
-1.47184370, -48.44930614
-1.47191278, -48.44924859
-1.47198444, -48.44919428
-1.47205610, -48.44913997
-1.47212788, -48.44908582
-1.47220409, -48.44903810
-1.47228029, -48.44899038
-1.47235994, -48.44895061
-1.47244686, -48.44892762
-1.47253311, -48.44890224
-1.47261931, -48.44887667
-1.47270551, -48.44885111
-1.47279171, -48.44882554
-1.47287679, -48.44879668
-1.47295907, -48.44876179
-1.47302663, -48.44870244
-1.47308419, -48.44863452
-1.47313171, -48.44855821
-1.47313558, -48.44847712
-1.47310033, -48.44839439
-1.47306508, -48.44831165
-1.47302981, -48.44822893
-1.47299413, -48.44814637
-1.47295846, -48.44806382